10.2643 -1.21966
-16.1278 -10.8682
0.504092 0.332695
-7.89956 7.44836
31.8702 4.62532
5.57582 2.00699
-1.91763 10.2096
-5.0522 7.83408
-14.0376 -6.87155
-40.0855 13.0842
-30.2293 -7.7274
0.755519 -5.21566
-2.7702 -8.94625
-10.1918 -0.131665
5.65368 -0.737384
-11.2391 8.58246
-5.02849 14.0231
10.0885 8.05901
-4.27672 12.1152
17.263 0.464805
-7.06439 -13.1428
1.08406 -1.31082
-6.08412 16.7327
-4.72885 -0.102426
-14.8218 -6.0696
11.9571 -15.9633
-14.5762 11.047
23.5436 -13.2557
21.2726 1.58739
-29.9046 -1.61904
7.73401 5.67956
-17.9631 -0.141473
-21.5358 11.1675
-1.7104 5.57332
-6.26857 9.41005
-15.7249 -2.18842
11.1916 -1.34846
-1.23667 -11.0094
0.282661 0.958485
17.1261 -0.667439
16.5324 -1.5785
6.75857 13.2769
1.90375 1.32609
-27.7866 0.590086
13.951 9.90603
14.8636 -2.26159
30.0717 -7.41903
-1.82642 0.426356
20.1797 7.75815
-3.96648 -28.5657
-8.70284 -4.9468
24.0465 -4.11974
-18.6182 9.15132
8.42161 4.91166
-13.8819 5.52047
-14.8345 -1.37137
-5.75076 -7.04301
18.0516 9.17751
-6.74161 -3.57408
-4.10951 -3.37412
10.4625 11.9776
19.8335 5.47406
1.05288 -16.5522
-15.4189 8.97074
2.36541 16.5698
-2.22152 7.18244
37.0577 -18.6658
12.0057 5.76591
-32.0034 -19.5263
-15.1599 -10.4049
17.6105 -1.55241
13.5761 -2.66058
-16.095 20.3893
4.8634 -4.99965
-2.31509 3.10326
17.9969 -21.2505
15.844 15.7041
12.2127 -3.95309
0.123256 2.46996
-3.29284 4.03819
21.6837 -14.6997
13.1417 2.27719
-9.73049 -8.28201
-4.66213 -14.206
33.6997 -4.96046
-37.4209 -8.30237
-27.1043 2.54104
12.4867 -2.66293
3.83803 -0.107926
25.2885 -4.90853
-14.2224 -1.84951
4.33916 -2.23973
3.67155 -4.95083
5.60578 -15.7681
3.48811 19.8181
-21.5664 -5.76553
13.4021 -2.64061
7.47083 -12.5658
11.3459 -7.54735
12.25 8.13921
9.7226 -1.19264
-17.7309 0.467312
-4.66261 -13.0538
-4.57806 -6.30046
-2.24941 4.03917
0.564833 1.45677
-11.1783 -1.0097
0.493146 0.501953
-4.06073 -7.21057
-12.1977 5.3379
11.9836 8.00938
15.4897 -18.0239
-23.6643 -1.82112
-4.09609 5.74717
2.1664 -16.7735
-22.3922 -6.25687
-11.5083 4.17924
-33.5145 7.1834
-24.5146 -10.4089
17.0389 5.47373
16.824 12.676
-21.7784 0.366179
3.8911 -15.1859
-7.7461 1.04885
-2.67597 -7.19342
-23.459 -14.0884
6.45458 0.82862
-30.1136 -4.23737
8.87964 4.27298
2.86843 -0.882389
-10.6346 2.96617
-4.12209 12.8498
-8.19602 11.9924
-16.3793 10.546
-5.746 -3.78369
1.04346 -4.88403
-1.8628 -1.20966
11.3959 0.750807
-18.6617 3.5527
1.06579 11.5789
8.63207 10.5139
29.5874 24.877
1.70043 7.87009
-43.8701 18.4668
32.2336 0.238647
15.0359 -5.06578
-1.92618 -0.76231
28.8543 15.5698
3.71261 -10.1702
-26.776 9.58265
4.75426 5.23237
-3.20976 -14.2032
5.59754 5.34639
-10.424 1.8582
11.8925 12.2046
-27.5024 -7.36306
-3.24249 14.0552
-3.14701 -0.376108
-7.62522 -12.0529
2.62279 -18.9677
19.052 -17.8378
5.30593 1.77854
-2.51143 1.19519
3.0804 6.58296
26.39 -3.59927
-12.5692 1.84475
-0.491986 5.70407
14.4194 6.6292
-0.64379 15.0029
-12.1846 -9.79904
-1.18095 -10.7327
-55.5796 14.1334
4.96502 -1.66518
-19.9241 -7.61074
-16.1701 -18.0377
4.61019 11.7254
32.8003 -4.48975
-4.52758 11.4083
-13.421 -5.51673
-6.26232 11.5908
11.0509 -12.3969
2.68504 11.1629
6.43959 -17.2654
15.9602 1.2101
16.3356 -12.0143
9.19449 -1.46472
-14.0782 -9.93965
11.5079 -11.7103
-28.7663 -6.57171
24.5822 -1.95294
-14.6803 -9.40773
35.5348 -13.6656
1.58305 10.2966
-20.9488 2.71225
18.399 7.80661
20.568 5.09031
-25.5513 -19.8331
-6.59338 3.91742
-21.9385 4.35995
8.38633 -20.2586
22.6159 4.6613
16.2381 -4.21493
-7.15925 -5.02792
2.62631 19.4761
3.11537 -8.1713
13.1433 -5.56841
-20.666 6.47941
-4.55989 17.8414
8.42257 -9.19703
-0.4207 -8.18479
1.25673 6.69551
7.87689 -6.69825
-15.5911 0.0546047
0.206695 -10.9271
14.5465 -10.5664
6.17726 15.7531
9.06594 -2.80976
24.5438 -7.97132
11.2322 -3.04881
4.97957 -3.15896
-10.0947 12.8757
13.5342 -10.2
-5.35194 -6.76586
22.1299 5.04657
-9.37755 -1.4384
9.59704 2.64229
-23.2292 6.58692
18.847 -1.83488
-17.6567 5.81263
23.2188 -6.03143
17.1769 6.17596
-5.52006 -2.51452
5.21681 9.21724
5.6588 -18.9675
2.61536 -19.4045
4.48174 -8.31333
-11.4146 5.40069
-5.65706 13.3221
11.3046 -2.66475
-16.3058 16.2484
-8.76434 -3.90263
1.94807 -5.13867
-4.33787 4.98673
-22.6293 -14.5521
4.66951 0.23597
15.3354 7.56922
-15.2162 14.9112
2.41996 12.8061
-4.46767 1.31154
12.57 -11.1537
27.7179 5.24619
-7.32943 -2.55053
22.863 -23.8891
-42.6077 -7.71447
-9.58442 -8.06152
-23.6146 16.8064
-30.1621 8.32508
-1.29535 13.9208
-16.8983 -3.1354
-8.43329 -10.0366
36.7413 -14.0829
4.67991 2.02121
39.1503 -4.26561
13.0003 3.60309
17.8799 8.93124
-12.3017 4.63119
22.4927 12.1236
22.6063 -21.2544
-4.24916 -1.07643
-18.3351 -3.16603
-2.40895 -7.98809
-12.169 13.6967
-10.6112 6.8369
0.768772 -18.6714
17.7508 1.23652
2.52698 -9.73606
-9.70529 -4.96406
2.17493 -7.8047
-20.2704 -0.307732
-4.65282 0.635045
-13.8283 7.63023
7.64857 11.4492
-42.7027 5.23952
22.6 -10.0213
12.3058 -1.19209
4.89354 -8.82695
1.82807 1.4949
14.9 -9.5592
23.9591 7.3488
4.6253 -0.218003
-4.45314 -4.11764
6.96489 -11.2792
-13.393 4.98607
0.862342 8.12097
10.7417 -6.95551
18.9659 10.2131
-4.66794 -1.54305
-17.3271 -11.9091
16.5798 -11.8965
-20.8573 -13.5915
-12.6777 -16.7634
-12.1078 -0.601845
13.5437 11.5878
1.94096 1.62221
10.0156 13.761
18.8281 -7.00376
8.77465 -1.81066
-10.2691 3.7367
5.99961 -0.929334
-18.9896 -3.48911
9.71299 14.9287
5.27726 2.66675
12.4786 -0.000950307
16.3416 2.0722
-2.92007 -5.37994
11.9147 -8.14457
-13.083 1.09283
-11.73 9.09451
15.2141 -5.70755
7.96463 -19.9141
-7.86597 16.4256
21.8221 2.78755
-14.2813 10.1189
-16.0846 12.6994
6.68609 -0.699807
19.404 3.6858
26.9609 -14.5957
8.00699 -15.6063
6.00179 -16.4571
-6.58714 4.67157
-2.81995 5.33665
-9.95108 -11.1063
11.8306 -15.0452
-4.43099 -0.357646
-16.4619 3.3448
3.53633 -0.422113
-6.40584 -8.4984
-16.7108 -0.00335605
-10.0595 -5.01511
11.7506 -6.60574
-15.7918 8.82527
-26.6462 28.7512
18.9214 1.34814
-6.14401 8.16537
3.65763 -5.21476
-8.40844 8.89166
4.7783 -4.98819
-3.88785 -4.39126
16.5631 -2.06262
0.768301 -3.33685
8.13053 1.70378
14.0777 0.338504
-10.7753 -13.2466
-38.733 16.4067
-38.8045 -5.87905
-14.083 8.98509
28.5137 20.697
10.5986 -4.70954
-10.4191 -12.9903
-12.0687 8.98999
-2.04439 -1.91851
3.46869 17.043
18.9725 -2.79408
0.361826 19.7048
31.7726 13.7983
-10.6098 -5.27791
7.79407 -8.76052
-8.65784 9.30405
7.62262 11.1485
-5.72387 -4.16564
-25.6741 -5.01854
-17.9221 15.2062
-1.23742 5.34131
6.93161 -4.88727
1.72855 -6.04218
0.36654 16.0103
-12.7991 -11.1627
6.53478 7.54307
9.81588 -7.11469
-12.5352 1.64862
-10.7253 5.34448
-13.1612 -4.48398
26.0434 3.97684
-4.88731 10.875
-23.165 -8.85301
-5.7775 -1.9401
-31.1321 7.2531
-5.71772 21.4216
10.7908 -4.50935
5.92403 7.20477
-13.7757 1.29556
11.7259 -13.3206
-33.2335 6.674
-2.82124 -5.4306
17.8199 -5.03992
4.96262 -8.90039
-7.09695 3.90986
-12.7187 -13.7439
-12.4233 -3.55441
7.11187 -1.00428
-18.4448 18.09
-2.24474 6.26594
1.25583 19.5104
26.5021 16.3737
-13.1785 25.2071
19.2064 -7.46459
14.4274 -11.5576
-7.20698 -3.11168
-17.6479 -6.77882
8.74688 -0.901025
2.78383 -10.1193
-3.34411 14.3709
26.968 17.0537
6.47827 2.96976
-17.66 9.67907
-6.59086 10.4169
-19.9683 10.8836
-0.60634 -10.6458
19.0232 1.6381
-17.5475 -15.736
-7.62025 12.1093
-4.26647 3.65003
0.313929 6.46509
-1.19501 6.13448
8.83367 -11.169
11.7117 -11.7065
13.8761 -3.87948
4.26056 -7.8139
-8.06806 12.0466
2.73051 -4.87892
-9.93815 -17.1774
-7.26261 9.35586
-8.60829 -3.71387
-10.3152 1.86348
8.25588 -5.5173
3.12173 -10.8941
-8.54881 6.16011
-11.2255 11.6587
-3.7866 -0.151731
4.53769 -4.43451
-19.8574 6.32941
2.73878 -5.45915
20.1882 -3.13227
-15.487 5.59121
-14.9544 -19.0333
-17.5793 9.03424
-9.7016 5.16871
14.8701 1.93501
1.09491 -4.19798
-21.0348 -1.68649
-7.04569 22.2739
-6.62453 8.56846
8.32064 -1.65097
-8.39684 6.89886
12.0559 2.73553
18.4288 12.5058
-4.98372 -13.1575
-25.4831 0.276231
-11.9336 25.2049
18.8278 4.11942
-14.9403 1.41514
-4.97368 -1.90259
-2.59256 6.20159
-9.09308 16.6215
-19.0303 3.55575
19.893 -9.1832
-3.38374 -9.209
-15.7907 -0.377783
-5.88058 4.59212
-5.3242 -15.9026
9.54093 -8.36448
-3.58516 2.0891
1.08364 3.81094
20.554 13.1797
3.95491 -11.4162
-20.2679 15.5619
-13.831 -10.4928
-10.9868 8.97015
8.16757 -19.0806
14.0368 0.773367
-7.54747 -5.82923
3.5962 -4.73769
-5.39078 -3.44254
14.6775 -4.82741
-10.1293 6.29633
-8.48101 -9.92355
8.07783 -9.61702
2.65347 -5.27889
-5.57591 -3.0375
-12.9084 14.7534
7.2319 13.8271
5.39747 -8.20285
-7.42954 18.2648
34.3457 -9.36056
2.02047 -7.59637
-12.5907 8.67448
14.3464 -7.8497
12.4932 -4.32095
-0.465709 1.79938
-6.57729 -4.10009
-5.95598 -13.7231
6.34363 -4.10642
-24.3147 -1.37835
-14.7362 13.3295
-56.2374 0.232225
18.3681 8.8533
-28.4921 4.93238
5.14574 -2.74085
14.0819 3.93851
26.8427 -1.14172
-8.93718 -23.0641
0.75501 3.05339
16.5781 1.78119
7.42914 -8.86583
12.3736 -10.7095
17.7451 4.32904
-2.59077 1.97712
-8.29206 1.09835
-12.2325 -5.5312
40.7443 -7.61903
-24.8877 9.19649
12.9251 5.85388
-12.4758 -6.02582
-9.77753 6.71686
-21.1526 10.6351
-5.23322 17.8654
-5.19797 -1.34762
-6.81827 4.17514
-14.4959 4.08705
13.245 -8.13345
-14.5386 -15.3273
-5.81327 12.3262
-3.83776 11.2698
11.6437 0.648536
5.3465 7.14366
-14.9103 1.37896
-33.5271 2.99148
7.03498 9.88445
-19.2927 -18.097
4.78419 4.43326
22.4768 2.71507
-1.1835 15.1943
10.497 -8.83433
-8.75452 12.1345
-33.3497 -7.03785
6.75524 -6.37085
11.3886 -3.73519
-0.0996037 -17.2997
5.40504 -16.867
-26.6467 -3.98302
-23.2238 -10.5495
21.8407 3.47137
-6.83231 17.0378
1.58419 -3.49065
-0.40412 -6.20968
-11.4672 -4.98544
-2.53074 -8.28221
3.82594 4.23179
-17.8674 -7.92701
9.96315 -7.09149
-13.1964 4.18323
-9.59175 7.91443
4.41822 2.26251
12.1399 8.22705
-3.09085 0.585913
-0.0891586 11.3628
-16.663 1.98451
13.8047 -12.3604
-13.4765 -14.7214
-2.65957 -4.38312
19.6958 -13.2071
10.1247 -23.7132
29.761 16.3974
-19.3989 -19.1724
6.20419 -15.6447
0.191913 -1.44697
8.8751 18.2421
-9.5275 -8.00039
-1.37969 -3.90886
26.3097 -3.36583
-4.45394 -7.7157
22.1332 3.10153
5.22616 3.02636
17.1226 -11.1365
-11.2464 -0.576086
24.7583 -14.251
45.0072 1.08581
-18.9524 7.81341
-10.1372 -11.3225
23.8155 3.09786
-16.7212 10.9971
-18.6507 -4.74547
18.661 -12.9267
29.7074 14.4413
-15.7978 18.2489
12.1923 -11.4037
-13.2281 4.57691
18.3882 10.3992
0.747736 0.895353
-6.57644 4.52643
-6.51696 -0.222282
23.133 -18.6361
28.341 -0.156985
-9.97319 -1.64268
-28.3151 -21.7069
-0.599512 12.1923
9.06615 -3.93248
6.69145 8.61074
-0.142838 2.80572
11.6704 -15.2826
-8.88834 13.0015
28.1971 -6.98986
14.8063 17.2784
10.3805 4.12944
5.8426 3.57368
-47.5998 4.41734
10.4316 -3.69987
-1.57745 0.0898319
1.22862 -0.310909
28.0668 15.2736
-16.6688 -2.12416
-6.53677 -6.73264
-3.14898 15.2289
-20.7716 -15.2193
4.37098 12.9963
-9.16058 -6.5868
-8.87692 -5.99604
10.8823 -5.18811
-9.64057 -16.2383
-1.15418 4.6816
-0.580451 2.26821
1.88457 7.18094
-1.53938 13.7181
-25.4051 7.13024
25.0972 -0.267777
8.22466 -11.5957
18.8889 7.39301
-5.37637 8.78371
-13.5067 25.1831
13.9628 7.05124
-17.1704 -4.87484
14.9248 15.7922
-0.216541 7.78232
-5.85108 -12.0801
-31.1941 -2.49294
-3.32826 -9.81857
-19.0383 -1.23627
29.0735 -5.57781
39.302 -8.90971
-13.6606 -1.62701
-17.3407 -2.04418
7.70651 -7.15746
1.15856 1.32913
1.41739 -6.36532
-10.2577 -4.24578
-15.407 3.51316
4.47086 3.63233
6.61841 0.839515
-2.12448 -4.20614
-13.9453 -14.0954
-11.6479 6.8383
1.69022 7.00753
10.2721 5.43189
3.46229 -15.9762
1.0652 0.597053
8.90504 16.0501
25.3968 -1.75116
-4.90746 8.16029
28.3972 5.20456
7.71148 12.5177
-7.39843 5.75203
8.26214 14.7256
-6.00786 -2.96476
-29.9968 6.11988
9.75081 2.60783
-5.85705 -2.92625
11.8476 -6.66784
1.95089 7.24334
21.7105 10.8842
5.10077 4.27588
-2.01675 22.6143
-9.98837 4.52003
35.0272 -11.7649
2.63143 13.8509
0.291657 -0.920421
-0.616936 6.08183
-21.6698 3.3066
-3.59134 -4.19576
-23.9478 13.8389
-16.7824 -1.99058
-25.6503 5.77384
-7.61444 -5.3725
14.6169 2.14172
-6.96453 -22.6559
6.22472 -22.8293
-24.9989 6.97751
-3.78634 6.98937
18.3606 -5.83914
15.4084 -8.35305
3.69362 7.13372
4.13407 -5.45397
-19.06 18.924
-27.597 -13.9041
-12.4426 -24.3233
5.88867 6.97645
25.3073 -1.91796
-5.38413 -2.72127
7.1621 3.24175
13.3244 0.92713
-9.85351 8.25924
35.505 -9.63983
12.1794 -7.15077
-4.35298 23.7546
22.5357 -15.0974
0.831143 -17.3918
-10.4646 5.6659
8.51256 1.86771
-5.14366 12.1484
0.273341 3.60533
15.5036 11.7039
-7.2533 9.23001
-15.9362 -7.57499
-19.5803 -10.092
-7.8265 2.82256
-4.06734 2.89079
9.50282 2.55693
11.6021 0.850113
-6.30377 -2.31576
-0.0309845 -0.683097
6.35541 -8.512
6.45574 -9.47914
-8.02054 16.6942
0.0249908 -15.819
-11.3301 2.10877
6.12394 -0.665139
-17.4905 -5.85283
27.5385 20.6009
5.04257 2.82138
2.45585 6.43486
0.232528 -2.41888
-5.85707 -7.91617
7.16101 10.272
25.7974 4.26884
-5.65234 -9.75695
25.3455 -2.02068
24.8291 -17.3279
9.01019 3.19725
6.24129 -6.79613
-30.6972 -8.94607
-2.24417 9.49217
-5.39592 10.7924
18.7914 -19.0517
-0.635574 8.06442
-11.5444 -12.2934
25.0017 -3.99551
-23.889 9.86911
5.85618 3.44768
-17.7656 -4.11794
2.528 3.28539
-4.0991 6.13275
-24.3004 -1.42879
-27.8835 5.28121
3.99038 -0.652897
-5.74945 -6.04091
14.8436 1.11038
28.3986 14.9131
-2.67219 17.4986
-1.74285 -1.95279
-22.8863 -13.7355
-2.53678 -12.3615
3.62077 11.1281
23.3869 -7.62383
10.8734 4.22384
-20.1292 -15.5803
8.40094 -12.9906
13.1662 -0.884313
7.82378 -10.8856
-1.73414 2.44829
10.0205 -10.0657
16.2527 -13.2893
9.93981 -8.29224
0.335569 8.19145
8.93797 -4.92218
13.0439 1.19912
10.0804 -23.0027
-6.55453 -2.60342
7.34615 5.40462
-4.41189 -7.68477
7.59232 -2.69077
11.1016 -8.02892
-7.85048 6.17955
-4.47349 1.50274
-3.52735 -17.297
-15.0102 6.29386
-12.3357 -2.2113
-7.91611 -11.6303
-13.0379 -9.41481
8.12209 0.589912
-22.0491 7.40128
-19.6286 8.19673
-14.7987 -12.6765
-12 -5.2344
10.9024 -7.76625
1.1903 0.2371
-24.1277 8.88272
20.1783 -5.50656
7.9497 7.19336
12.1366 -8.06152
-0.455949 2.18496
-5.62602 8.42006
9.05639 7.4301
-4.76117 -0.032339
-18.5532 -11.5483
2.75665 13.1144
6.05693 -6.57316
-15.8288 12.1039
5.1699 0.203079
4.60418 5.69714
25.5852 -5.16823
-34.6049 -1.7365
-23.8351 -17.3654
-12.6957 7.28878
5.61198 16.618
15.8257 -6.62936
-1.52938 -19.1078
8.43734 13.6461
-1.31255 -6.08151
-25.8996 6.05967
1.27779 0.194618
25.145 2.38894
-18.5091 7.18836
-7.31652 -5.90558
-14.278 28.2211
6.30479 -9.27733
-1.42315 15.0024
-1.96768 1.35245
-7.11764 -6.51389
25.0069 -4.86481
0.178891 7.71508
1.60292 -2.27288
6.56919 -4.48488
-4.8103 -13.9424
9.99716 -4.20695
-0.314421 3.61836
-4.19506 -16.786
-37.0967 -13.2667
8.97288 -12.086
10.0441 3.69428
9.85583 -16.1151
2.8974 -13.0667
-13.9955 1.50807
4.4409 -2.35646
-10.5444 -18.9272
-11.179 7.34278
-11.2213 5.98736
9.9423 10.7051
13.0095 15.131
-2.15437 -0.269548
12.6374 14.1543
12.7396 -1.55384
-42.0293 -0.860696
7.87841 18.9419
17.3333 -5.73455
6.01621 -2.60601
-12.4441 6.28025
-4.2956 -10.6456
-10.4011 2.25876
-3.37054 -4.68117
-15.6042 -4.23564
11.1644 -1.99441
-23.7894 17.9573
17.3577 -16.9991
-8.04665 -13.0179
4.47895 -4.78117
-2.90934 -3.43074
11.1617 16.772
26.4058 23.5625
4.13953 13.0646
13.7517 -16.6714
-14.9798 22.408
8.87451 8.3736
14.6403 -9.84893
-21.0123 -4.69871
-35.4885 1.60132
3.41019 -11.1481
16.7287 -15.3431
-2.29012 8.41959
-7.86802 -22.1876
19.6674 -3.65636
-7.26809 7.65924
-16.8186 -21.5747
-14.844 -11.3337
19.0774 -2.46339
5.63193 -5.0748
9.36223 1.37175
3.87838 11.2224
7.02096 -13.3171
10.2604 -0.773984
-16.1817 7.95431
2.50454 6.0565
-7.60199 -15.084
5.18549 5.04175
23.3343 -10.9915
-4.48253 7.33241
-3.90189 6.94979
-1.25906 -9.49666
1.49092 7.10841
-21.5117 8.49325
-5.76485 -9.80815
11.1878 1.52585
12.367 5.96836
-8.57101 -11.3078
-11.9242 -5.40536
4.5037 13.7598
-0.535626 13.198
7.63612 -0.83829
-2.51112 17.5716
-14.5725 6.1265
6.50338 5.66386
-12.6787 -1.86004
12.046 -9.41457
27.5061 11.3146
-2.80176 -0.948255
14.5132 11.3531
-10.2539 0.198641
11.4719 -6.11958
30.4507 -6.80014
41.8576 -11.4238
17.4197 -6.58092
6.48584 5.31398
2.93022 3.59563
26.3439 6.38458
1.68387 10.521
27.9924 -0.214302
4.60519 5.4887
4.23207 -1.72502
26.9407 17.0167
9.27977 7.57407
-5.77647 -3.4762
-5.39658 -0.170868
10.2856 -15.1775
-0.123705 -5.4887
-14.4082 12.7027
1.54484 3.08836
30.8434 17.2039
18.7443 -0.662751
4.98446 -4.55765
6.7018 -12.875
-10.4993 3.91194
21.6604 22.0412
-17.8697 10.9479
4.32154 1.45902
9.65486 14.4698
-13.4446 7.67979
13.4591 -7.34413
-23.7554 8.57926
10.3841 2.38122
5.53164 -5.65588
-13.581 5.77805
-10.0987 -0.700051
-20.5482 3.25835
25.592 -2.34415
-8.11699 1.62332
1.33546 -2.90474
2.93217 5.74015
5.79451 -20.4875
22.2597 2.31936
20.0916 -0.646077
5.74847 -5.70468
-7.52649 -6.23694
-19.6138 -7.49801
9.5282 -7.83655
16.064 6.73394
9.11615 -25.9921
-23.7155 2.56759
-13.9769 10.4283
-0.19877 -12.3414
8.68572 -0.30235
-7.13085 3.80456
-3.35113 -6.69399
13.0161 8.51699
-20.9812 0.853599
5.11109 -9.25339
-3.65753 18.8547
10.1006 -5.69654
-15.2618 13.2925
19.8506 9.9687
21.55 9.36255
-21.1325 -6.36915
-25.6982 -19.6565
-1.12843 -7.24588
12.0159 11.0825
13.462 -1.34053
-7.54081 3.60314
-2.75671 -20.1298
-49.5275 -12.7971
-17.5912 -3.20672
-6.95474 4.5601
1.83699 7.43186
21.8698 -10.3976
